0.03480995078377665
0.025828917826048462
0.002815415667285198
-0.019498135829779134
-0.02623087311790028
0.018949487819006062
-0.04667751415199475
0.02024570215795004
0.03144808807193508
0.00294733867429518
-0.009402171595623982
0.024350864333589392
-0.017340401564880717
-0.024157949034509046
-0.013267149452044186
-0.03130981985593156
0.010546660904843741
-0.0048944253545973055
-0.021158570372779423
-0.03756537927907233
-0.01395555906240335
-0.05875961660570643
-0.022267735370637934
0.024441833277819014
-0.0007156556483599863
-0.021606920149319087
-0.03650681500853892
-0.006491172666215572
0.012451141794687981
0.0073858356587686025
0.004207861308866523
-0.011585140172342245
0.013540787004470367
0.03869957490152122
0.03619753289124381
0.005786597555461577
-0.02712851860073406
-0.0038103763615944114
0.03621084014801011
0.03026407806446104
0.01325388608952363
-0.011988997708488575
-0.02421292565286444
0.053094874115804803
-0.013071748806113994
-0.015040936548939204
-0.019534280311240895
0.0054159775936410155
0.0007505696757783764
-0.03293212921471901
-0.01657723429895262
0.008703314854761808
0.04511480553172238
-0.002381567127194879
-0.035893704223018186
-0.001531496853055239
-0.005665427261639714
0.018366570605194827
0.015266577746838973
0.04703134466584457
0.018193118684491225
0.03176452387824346
-0.033532247175809896
0.028608522517028428
