0.0003772673921386225
-0.0026906297337806846
-0.0028230581635035
-0.0011656177914350814
-0.007203118916582008
0.0001132546124013251
-0.008563019812786642
-0.0021030609048572737
0.00639773922744394
0.005876030497669951
0.00037248794220254115
0.0036509852875860646
0.003786943813896781
-0.005215532951709258
-0.004329067670291953
0.004684411078900899
-0.0010233596386015065
-0.007011559261445273
5.034530948241217e-05
-0.005290749486358553
0.004794861073081774
-0.0008226206072816902
-0.000664740633766342
-0.008542820085532088
0.0016139039410603129
0.0010389835413712745
0.0037971871894282305
0.006815800695672336
-0.0027915725644813705
0.0022207626991601614
-0.0007208033068917263
-0.002929525662519916
-0.004375221529032414
0.00276545204212042
-0.004238733086759511
-0.002309625626696371
-0.006258916589377651
0.008452250639765062
0.006088828231019086
0.016883702801119702
0.0013657227124438311
0.0006729164349595952
0.007548307476721068
0.003941669722703705
-0.0034214305981624497
-0.0006347751580154598
-0.0006251859169679689
-0.0026774790671568564
0.005394965225825059
0.0013313243206492633
-0.006029008062647354
0.011899890118692446
0.0020193681034132464
0.005229830410004899
0.005443395071826375
-0.004728236662346057
-0.009003468479934315
-0.003200152392937326
-0.0008670837762285383
-0.007984005208042403
0.0019735288425600734
-0.003683841954112448
0.0037112574679342802
-0.006385348312123657
